-6.544950604438781738e-01 4.041920185089111328e+00 1.147259473800659180e-01
-6.073487758636474609e+00 7.915318012237548828e-02 1.262741088867187500e+01
-6.403674602508544922e+00 3.789210319519042969e-02 1.244710731506347656e+01
-2.080054044723510742e+00 3.016543388366699219e+00 7.903051972389221191e-01
-6.604535579681396484e+00 1.129698753356933594e-02 1.205235862731933594e+01
-6.102385997772216797e+00 7.096278667449951172e-02 1.173832798004150391e+01
-2.274056226015090942e-01 2.866294860839843750e+00 9.435231089591979980e-01
-6.487454414367675781e+00 3.483426570892333984e-02 1.381479740142822266e+01
-1.155579209327697754e+00 1.901827216148376465e+00 7.492917776107788086e-02
-6.903678417205810547e+00 -2.132093906402587891e-02 1.279748821258544922e+01
1.819618195295333862e-01 1.551008701324462891e+00 -3.868816196918487549e-01
-6.035425662994384766e+00 4.349046051502227783e-01 1.363299179077148438e+01
-6.144429206848144531e+00 6.687110662460327148e-02 1.193701744079589844e+01
-6.357944011688232422e+00 4.544401168823242188e-02 1.282248878479003906e+01
-1.094399929046630859e+00 2.853616714477539062e+00 -5.441753864288330078e-01
-2.704623460769653320e+00 2.056332588195800781e+00 2.496377229690551758e-01
-1.134495615959167480e+00 1.447830915451049805e+00 6.857921481132507324e-01
-5.115763187408447266e+00 9.454292058944702148e-01 1.291617012023925781e+01
-1.074650526046752930e+00 4.528808116912841797e+00 1.947158575057983398e-02
-2.760742902755737305e-01 2.708710670471191406e+00 -2.556236386299133301e-01
-5.425841808319091797e+00 1.919337511062622070e-01 1.195812416076660156e+01
-6.480892658233642578e+00 3.016161918640136719e-02 1.277087783813476562e+01
-6.283138990402221680e-01 2.485709190368652344e+00 4.735922813415527344e-02
-5.963914394378662109e+00 9.831804037094116211e-02 1.260912609100341797e+01
-3.192358016967773438e-01 3.925487041473388672e+00 1.719572067260742188e+00
-6.565245628356933594e+00 2.508985698223114014e-01 1.333194923400878906e+01
-6.181013584136962891e+00 6.840145587921142578e-02 1.308074474334716797e+01
-6.004094600677490234e+00 8.539009094238281250e-02 1.220096683502197266e+01
-6.317487239837646484e+00 1.606045961380004883e-01 1.291881370544433594e+01
-1.158733725547790527e+00 4.796994686126708984e+00 -2.759575247764587402e-01
-2.681999206542968750e-01 7.199451923370361328e-01 -3.469406366348266602e-01
-2.336195468902587891e+00 4.610744953155517578e+00 6.454898715019226074e-01
-5.658912181854248047e+00 1.323499679565429688e-01 1.311887550354003906e+01
-5.011005878448486328e+00 1.059173226356506348e+00 1.379656314849853516e+01
-8.057547807693481445e-01 2.013096809387207031e+00 4.918234944343566895e-01
-6.394162654876708984e+00 4.314899444580078125e-02 1.322815990447998047e+01
-5.155165195465087891e+00 6.554403305053710938e-01 1.174180221557617188e+01
-4.460067152976989746e-01 1.995788455009460449e+00 -3.741964995861053467e-01
-1.173441410064697266e+00 1.028303384780883789e+00 -1.144356429576873779e-01
-6.005444526672363281e+00 8.822876214981079102e-02 1.277378463745117188e+01
-5.843595027923583984e+00 2.058340311050415039e-01 1.360906696319580078e+01
-7.416921257972717285e-01 1.709722757339477539e+00 -8.263269066810607910e-02
-2.699145078659057617e-01 5.788393020629882812e+00 1.275650978088378906e+00
-6.688560962677001953e+00 1.772701740264892578e-03 1.219254302978515625e+01
-6.322854518890380859e+00 5.333870649337768555e-02 1.351097488403320312e+01
-8.835111260414123535e-01 3.950818538665771484e+00 -1.525213420391082764e-01
-2.177037298679351807e-02 1.960845232009887695e+00 -5.342842340469360352e-01
-7.453799247741699219e-01 7.157504558563232422e-01 6.516811251640319824e-01
-5.960966587066650391e+00 8.811151981353759766e-02 1.171569633483886719e+01
-5.091502189636230469e+00 7.160983085632324219e-01 1.189614009857177734e+01
-8.127721548080444336e-01 4.319566249847412109e+00 6.433111429214477539e-02
-6.664701938629150391e+00 8.830308914184570312e-03 1.298291110992431641e+01
-6.838024139404296875e+00 -9.829998016357421875e-03 1.346012496948242188e+01
-8.527814745903015137e-01 2.866137504577636719e+00 -1.036955714225769043e-01
-5.746098041534423828e+00 4.168656170368194580e-01 1.258588027954101562e+01
-4.070456027984619141e-01 1.793825864791870117e+00 -1.199151873588562012e-01
-2.778454720973968506e-01 1.286800503730773926e+00 -2.372462153434753418e-01
-5.606429576873779297e+00 1.377652883529663086e-01 1.292955303192138672e+01
-1.000227212905883789e+00 2.660749912261962891e+00 9.052744507789611816e-02
-1.536140918731689453e+00 2.287858009338378906e+00 1.193547844886779785e-01
-6.203975200653076172e+00 5.602133274078369141e-02 1.125441074371337891e+01
-1.392019867897033691e+00 2.141932725906372070e+00 8.367281556129455566e-01
-5.428617000579833984e+00 3.217480778694152832e-01 1.320048809051513672e+01
-7.357626557350158691e-01 8.611864447593688965e-01 9.939332604408264160e-01
-6.301475048065185547e+00 6.915026903152465820e-02 1.093646717071533203e+01
-5.288613438606262207e-01 6.888709068298339844e-01 -2.034537643194198608e-01
-5.678935050964355469e-01 2.425047874450683594e+00 2.615624666213989258e-02
-6.442926883697509766e+00 3.258740901947021484e-02 1.234947776794433594e+01
1.990819722414016724e-01 1.132324695587158203e+00 -6.550589203834533691e-02
-1.374439448118209839e-01 7.358170747756958008e-01 -3.647496104240417480e-01
-5.870346546173095703e+00 1.041940450668334961e-01 1.267265987396240234e+01
-9.084759354591369629e-01 3.761609077453613281e+00 3.354507088661193848e-01
-5.462350368499755859e+00 7.219444513320922852e-01 1.329806327819824219e+01
-5.565274715423583984e+00 1.406268477439880371e-01 1.251697540283203125e+01
-6.262104988098144531e+00 1.159241199493408203e-01 1.330721855163574219e+01
-1.374439448118209839e-01 7.358170747756958008e-01 -3.647496104240417480e-01
-6.170048236846923828e+00 3.780982494354248047e-01 1.348476600646972656e+01
-8.279205560684204102e-01 1.660990715026855469e+00 1.191069602966308594e+00
-9.876420497894287109e-01 1.869982481002807617e+00 2.400286197662353516e-01
-5.788784503936767578e+00 1.146297454833984375e-01 1.276362037658691406e+01
-5.415566921234130859e+00 6.103545427322387695e-01 1.194639492034912109e+01
-9.170978665351867676e-01 1.200470209121704102e+00 3.396721482276916504e-01
-5.823956966400146484e+00 1.063720583915710449e-01 1.200782871246337891e+01
-5.968936443328857422e+00 9.676027297973632812e-02 1.355069828033447266e+01
-6.262640953063964844e+00 1.370288133621215820e-01 1.473544311523437500e+01
-4.744157791137695312e-01 2.349275588989257812e+00 2.593183517456054688e-02
-9.282758235931396484e-01 4.767175674438476562e+00 1.235062777996063232e-01
-8.559947609901428223e-01 1.572120785713195801e+00 -1.360368132591247559e-01
-5.955918788909912109e+00 9.482002258300781250e-02 1.287755584716796875e+01
-5.569272518157958984e+00 1.441626548767089844e-01 1.328437995910644531e+01
-1.056157231330871582e+00 4.376621246337890625e+00 4.333693385124206543e-01
-7.823055386543273926e-01 9.581010341644287109e-01 -1.845934391021728516e-01
-5.171702384948730469e+00 5.797388553619384766e-01 1.316393852233886719e+01
-1.155836343765258789e+00 2.747509956359863281e+00 1.525549292564392090e-01
-5.058825016021728516e+00 6.187813878059387207e-01 1.315583992004394531e+01
-5.878429412841796875e+00 9.964621067047119141e-02 1.199357414245605469e+01
-6.183250904083251953e+00 5.806070566177368164e-02 1.116076946258544922e+01
-5.407435894012451172e+00 1.657297015190124512e-01 1.362894058227539062e+01
-5.256158113479614258e-01 6.886985898017883301e-01 -3.118805289268493652e-01
-6.046926975250244141e+00 8.330464363098144531e-02 1.280065250396728516e+01
-4.987941265106201172e+00 6.189059019088745117e-01 1.183464050292968750e+01
-6.427707195281982422e+00 5.643969774246215820e-02 1.226328659057617188e+01
-1.217133641242980957e+00 3.116820335388183594e+00 2.386795878410339355e-01
-2.410023361444473267e-01 1.741703867912292480e+00 -6.032068729400634766e-01
-3.886002302169799805e-02 1.371842741966247559e+00 1.255578994750976562e-01
-6.337631702423095703e+00 3.976976871490478516e-02 1.126738262176513672e+01
-8.691273927688598633e-01 2.181936264038085938e+00 -1.213175505399703979e-01
-1.374439448118209839e-01 7.358170747756958008e-01 -3.647496104240417480e-01
-5.674402713775634766e+00 1.302825212478637695e-01 1.308532238006591797e+01
-1.064708113670349121e+00 8.503167033195495605e-01 -2.038710266351699829e-01
-8.561849594116210938e-01 1.884475231170654297e+00 8.223776221275329590e-01
-1.261247694492340088e-01 1.047846555709838867e+00 -4.178879857063293457e-01
-2.043809890747070312e+00 3.869673252105712891e+00 1.169775485992431641e+00
-8.663227558135986328e-01 6.473417282104492188e-01 -2.654761970043182373e-01
-1.790643334388732910e-01 7.307649850845336914e-01 -3.590809106826782227e-01
-5.819059371948242188e+00 1.197618246078491211e-01 1.444734096527099609e+01
-2.762912213802337646e-02 8.352631926536560059e-01 -4.603543877601623535e-01
-5.977628231048583984e+00 4.006580114364624023e-01 1.368447113037109375e+01
-6.266232967376708984e+00 5.377626419067382812e-02 1.227595329284667969e+01
-8.776167035102844238e-01 3.640507221221923828e+00 3.074263930320739746e-01
-1.571872830390930176e+00 2.831461906433105469e+00 9.563529491424560547e-02
-1.742625385522842407e-01 1.914526462554931641e+00 -3.232762813568115234e-01
-6.092614173889160156e+00 1.253712773323059082e-01 1.274822044372558594e+01
-1.162099599838256836e+00 2.116740226745605469e+00 2.184796333312988281e-02
-6.158313274383544922e+00 6.216633319854736328e-02 1.136303710937500000e+01
-1.296110987663269043e+00 2.165294647216796875e+00 1.258233487606048584e-01
-1.374439448118209839e-01 7.358170747756958008e-01 -3.647496104240417480e-01
-5.958991527557373047e+00 9.203374385833740234e-02 1.241773509979248047e+01
-5.293922901153564453e+00 6.245609521865844727e-01 1.274887752532958984e+01
-6.292687416076660156e+00 5.175566673278808594e-02 1.250661277770996094e+01
-1.832378864288330078e+00 1.393223524093627930e+00 6.334998607635498047e-01
-6.496133208274841309e-01 2.745744228363037109e+00 1.003687977790832520e-01
-1.314840614795684814e-01 7.373158931732177734e-01 -2.176893800497055054e-01
-6.430630207061767578e+00 7.674586772918701172e-02 1.307928466796875000e+01
-5.308267116546630859e+00 1.947513818740844727e-01 1.264801025390625000e+01
-5.922544479370117188e+00 8.956712484359741211e-02 1.109863281250000000e+01
-6.533825397491455078e+00 2.595293521881103516e-02 1.320083808898925781e+01
-6.723179221153259277e-01 3.905338287353515625e+00 1.293065547943115234e-01
-6.140619754791259766e+00 7.012742757797241211e-02 1.246933269500732422e+01
-6.137486100196838379e-01 1.561692953109741211e+00 5.344824194908142090e-01
-6.462737560272216797e+00 3.084760904312133789e-02 1.247898387908935547e+01
-5.711769580841064453e+00 1.318531632423400879e-01 1.425497245788574219e+01
-1.374439448118209839e-01 7.358170747756958008e-01 -3.647496104240417480e-01
-9.899704456329345703e-01 9.819723367691040039e-01 1.247518539428710938e+00
-1.134528160095214844e+00 4.648715496063232422e+00 5.407364368438720703e-01
-8.536710143089294434e-01 2.506057739257812500e+00 3.224495649337768555e-01
-5.793768405914306641e+00 1.182214021682739258e-01 1.356464290618896484e+01
-5.916257858276367188e+00 1.044223308563232422e-01 1.378526878356933594e+01
-9.795162081718444824e-01 3.462316036224365234e+00 3.964190483093261719e-01
-5.145202159881591797e+00 3.812865316867828369e-01 1.161886596679687500e+01
-6.650482654571533203e+00 1.159012317657470703e-02 1.317816066741943359e+01
-6.218477725982666016e+00 7.101488113403320312e-02 1.445149040222167969e+01
-3.805025815963745117e-01 1.143749475479125977e+00 5.104281306266784668e-01
-2.314594238996505737e-01 7.244049310684204102e-01 -3.519446849822998047e-01
-5.065346240997314453e+00 1.110288143157958984e+00 1.244439888000488281e+01
-1.374439448118209839e-01 7.358170747756958008e-01 -3.647496104240417480e-01
-6.193741321563720703e+00 6.646060943603515625e-02 1.300696277618408203e+01
-6.314038753509521484e+00 5.365806818008422852e-02 1.336659622192382812e+01
5.930568277835845947e-02 1.226917266845703125e+00 -5.336079597473144531e-01
-8.579594492912292480e-01 3.916719436645507812e+00 2.923209071159362793e-01
-6.482865333557128906e+00 3.283166885375976562e-02 1.332603931427001953e+01
-4.760148048400878906e+00 4.716096520423889160e-01 1.204369926452636719e+01
-9.176985621452331543e-01 3.852492809295654297e+00 4.334841370582580566e-01
-6.368807315826416016e+00 4.214394092559814453e-02 1.244608306884765625e+01
-6.021307468414306641e+00 1.086064577102661133e-01 1.391085147857666016e+01
-5.804904937744140625e+00 1.073371171951293945e-01 1.174823188781738281e+01
-1.283482432365417480e+00 1.331447362899780273e+00 -1.986483335494995117e-01
-5.027648448944091797e+00 1.584038496017456055e+00 1.289347362518310547e+01
-6.250236988067626953e+00 5.919122695922851562e-02 1.293618011474609375e+01
-6.208651065826416016e+00 7.097899913787841797e-02 1.421586418151855469e+01
-2.090959399938583374e-01 7.271195650100708008e-01 -3.549906015396118164e-01
-4.774967432022094727e-01 2.070300102233886719e+00 -5.593612790107727051e-02
-1.164315819740295410e+00 1.792764544486999512e+00 2.313351035118103027e-01
-1.155890703201293945e+00 2.023012638092041016e+00 -9.296566247940063477e-03
-5.201602458953857422e+00 1.847283244132995605e-01 1.245921611785888672e+01
-6.193051815032958984e+00 7.062447071075439453e-02 1.378501129150390625e+01
-5.601243495941162109e+00 3.541789054870605469e-01 1.330505561828613281e+01
-1.317468047142028809e+00 1.937556982040405273e+00 5.898938179016113281e-01
-5.383862257003784180e-01 4.050725936889648438e+00 -2.040879875421524048e-01
-8.766078948974609375e-01 2.629709720611572266e+00 -5.142608880996704102e-01
-6.451941013336181641e+00 2.763801813125610352e-02 1.161547088623046875e+01
-1.493407607078552246e+00 5.473433494567871094e+00 -9.487885236740112305e-02
-6.109766483306884766e+00 7.868230342864990234e-02 1.338234329223632812e+01
-6.961659908294677734e+00 -2.630519866943359375e-02 1.319708347320556641e+01
-6.447397708892822266e+00 3.057229518890380859e-02 1.206926918029785156e+01
-7.824723124504089355e-01 3.267127990722656250e+00 2.210225462913513184e-01
-8.178714513778686523e-01 3.717101573944091797e+00 3.763247132301330566e-01
-6.474485874176025391e+00 4.131436347961425781e-02 1.474864482879638672e+01
-7.232571244239807129e-01 3.177317142486572266e+00 -2.471325695514678955e-01
-8.556497097015380859e-01 3.912114143371582031e+00 2.950456142425537109e-01
-1.100706577301025391e+00 2.154492378234863281e+00 1.022399961948394775e-01
-4.133242964744567871e-01 1.818465590476989746e+00 -1.142132878303527832e-01
-5.966156721115112305e-01 4.583595275878906250e+00 3.868495821952819824e-01
-2.433883845806121826e-01 1.750486373901367188e+00 1.795859336853027344e-01
-5.779462814331054688e+00 1.138933897018432617e-01 1.240614318847656250e+01
-1.134115457534790039e+00 2.668196678161621094e+00 -2.486411035060882568e-01
-5.938818454742431641e+00 2.601690590381622314e-01 1.502294254302978516e+01
-4.694912433624267578e+00 7.703902721405029297e-01 1.134282016754150391e+01
-5.358904004096984863e-01 2.299456596374511719e+00 -2.906858921051025391e-03
-5.391273021697998047e+00 4.979831576347351074e-01 1.412655925750732422e+01
