-2.829841613769531250e+00 4.372542500495910645e-01 5.390509605407714844e+00
-2.802490711212158203e+00 6.497833728790283203e-01 6.093080043792724609e+00
-2.853816509246826172e+00 7.346533536911010742e-01 6.954339027404785156e+00
-2.373476028442382812e+00 9.726608395576477051e-01 7.097217082977294922e+00
-3.581282615661621094e+00 3.433864116668701172e-01 4.986762523651123047e+00
-4.323459148406982422e+00 2.701791763305664062e+00 7.252894878387451172e+00
-4.232179164886474609e+00 2.782880663871765137e-01 7.728390216827392578e+00
-2.722995996475219727e+00 7.337839603424072266e-01 5.460254669189453125e+00
-2.179672241210937500e+00 5.104217529296875000e-01 4.204689025878906250e+00
-2.778243780136108398e+00 4.364710450172424316e-01 4.039663314819335938e+00
-2.507992982864379883e+00 5.782102346420288086e-01 6.108402252197265625e+00
-3.330058574676513672e+00 3.778679072856903076e-01 5.712816238403320312e+00
-3.005804538726806641e+00 4.239992499351501465e-01 6.960040569305419922e+00
-3.128994464874267578e+00 5.836596488952636719e-01 6.325315475463867188e+00
-3.402142047882080078e+00 3.652619719505310059e-01 4.987241268157958984e+00
-2.688059329986572266e+00 5.468086600303649902e-01 6.505498409271240234e+00
-3.047809839248657227e+00 1.091405987739562988e+00 6.911798954010009766e+00
-3.027117729187011719e+00 6.424452066421508789e-01 7.193191528320312500e+00
-3.340575695037841797e+00 2.109066009521484375e+00 7.133655071258544922e+00
-2.995565891265869141e+00 4.186187386512756348e-01 5.695517063140869141e+00
-2.949753046035766602e+00 4.188430309295654297e-01 4.671521663665771484e+00
-3.607339382171630859e+00 3.420248925685882568e-01 5.333849430084228516e+00
-1.373782634735107422e+00 1.957972526550292969e+00 5.420006275177001953e+00
-2.789624929428100586e+00 1.271291255950927734e+00 6.832788467407226562e+00
-3.520427703857421875e+00 3.591814935207366943e-01 6.581991672515869141e+00
-2.837383031845092773e+00 4.350106716156005859e-01 5.138240814208984375e+00
-2.992403030395507812e+00 4.192844629287719727e-01 5.748823642730712891e+00
-3.366293668746948242e+00 3.674570918083190918e-01 4.571121692657470703e+00
-3.426932334899902344e+00 1.099433898925781250e+00 6.997723102569580078e+00
-3.678616046905517578e+00 3.384693264961242676e-01 6.315490722656250000e+00
-3.852125406265258789e+00 5.017269849777221680e-01 6.585826396942138672e+00
-3.336898326873779297e+00 4.472051858901977539e-01 7.151854991912841797e+00
-2.597218036651611328e+00 4.693240225315093994e-01 6.089750766754150391e+00
-2.457921981811523438e+00 4.781626164913177490e-01 4.531759262084960938e+00
-3.058300495147705078e+00 4.062736928462982178e-01 4.802025318145751953e+00
-2.566611766815185547e+00 9.096854925155639648e-01 5.820667743682861328e+00
-2.320775032043457031e+00 1.040706634521484375e+00 5.811004638671875000e+00
-2.716785907745361328e+00 4.470074772834777832e-01 4.617971420288085938e+00
-3.270248174667358398e+00 6.531240940093994141e-01 6.663594722747802734e+00
-3.909021377563476562e+00 3.161173760890960693e-01 7.417874336242675781e+00
-3.778618335723876953e+00 3.170663118362426758e-01 4.562347412109375000e+00
-3.656691551208496094e+00 3.451308608055114746e-01 7.075376987457275391e+00
-4.101839065551757812e+00 1.213096737861633301e+00 7.222845077514648438e+00
-2.877325534820556641e+00 5.167553424835205078e-01 6.660656452178955078e+00
-3.115657329559326172e+00 4.070345163345336914e-01 6.282707691192626953e+00
-3.739706516265869141e+00 3.347880244255065918e-01 7.035943984985351562e+00
-3.613482475280761719e+00 3.452985584735870361e-01 6.101219177246093750e+00
-3.214595794677734375e+00 3.921534419059753418e-01 5.748581886291503906e+00
-3.446682214736938477e+00 3.698653578758239746e-01 6.902297496795654297e+00
-3.143893003463745117e+00 4.054808616638183594e-01 6.643882274627685547e+00
