2.000000000000000000e+00 1.000000000000000000e+00 8.450697064399719238e-01
2.000000000000000000e+00 1.000000000000000000e+00 8.677648901939392090e-01
2.000000000000000000e+00 1.000000000000000000e+00 9.023206233978271484e-01
2.000000000000000000e+00 1.000000000000000000e+00 8.940740227699279785e-01
2.000000000000000000e+00 1.000000000000000000e+00 8.280171751976013184e-01
2.000000000000000000e+00 1.000000000000000000e+00 7.446250915527343750e-01
2.000000000000000000e+00 1.000000000000000000e+00 9.468564987182617188e-01
2.000000000000000000e+00 1.000000000000000000e+00 8.225968480110168457e-01
2.000000000000000000e+00 1.000000000000000000e+00 7.504363059997558594e-01
2.000000000000000000e+00 1.000000000000000000e+00 7.452204227447509766e-01
2.000000000000000000e+00 1.000000000000000000e+00 8.738442659378051758e-01
2.000000000000000000e+00 1.000000000000000000e+00 8.680955767631530762e-01
2.000000000000000000e+00 1.000000000000000000e+00 9.190704822540283203e-01
2.000000000000000000e+00 1.000000000000000000e+00 8.841115832328796387e-01
2.000000000000000000e+00 1.000000000000000000e+00 8.259949088096618652e-01
2.000000000000000000e+00 1.000000000000000000e+00 8.946674466133117676e-01
2.000000000000000000e+00 1.000000000000000000e+00 8.775587677955627441e-01
2.000000000000000000e+00 1.000000000000000000e+00 9.163739085197448730e-01
2.000000000000000000e+00 1.000000000000000000e+00 8.028310537338256836e-01
2.000000000000000000e+00 1.000000000000000000e+00 8.640676140785217285e-01
2.000000000000000000e+00 1.000000000000000000e+00 7.984403371810913086e-01
2.000000000000000000e+00 1.000000000000000000e+00 8.497677445411682129e-01
2.000000000000000000e+00 1.000000000000000000e+00 6.708565950393676758e-01
2.000000000000000000e+00 1.000000000000000000e+00 8.599628210067749023e-01
2.000000000000000000e+00 1.000000000000000000e+00 9.086930155754089355e-01
2.000000000000000000e+00 1.000000000000000000e+00 8.294091224670410156e-01
2.000000000000000000e+00 1.000000000000000000e+00 8.668821454048156738e-01
2.000000000000000000e+00 1.000000000000000000e+00 7.963998913764953613e-01
2.000000000000000000e+00 1.000000000000000000e+00 8.812075257301330566e-01
2.000000000000000000e+00 1.000000000000000000e+00 8.991967439651489258e-01
2.000000000000000000e+00 1.000000000000000000e+00 9.007871747016906738e-01
2.000000000000000000e+00 1.000000000000000000e+00 9.243598580360412598e-01
2.000000000000000000e+00 1.000000000000000000e+00 8.806113004684448242e-01
2.000000000000000000e+00 1.000000000000000000e+00 7.812759876251220703e-01
2.000000000000000000e+00 1.000000000000000000e+00 8.092395067214965820e-01
2.000000000000000000e+00 1.000000000000000000e+00 8.299118876457214355e-01
2.000000000000000000e+00 1.000000000000000000e+00 8.167611956596374512e-01
2.000000000000000000e+00 1.000000000000000000e+00 7.913970947265625000e-01
2.000000000000000000e+00 1.000000000000000000e+00 8.949705362319946289e-01
2.000000000000000000e+00 1.000000000000000000e+00 9.377288222312927246e-01
2.000000000000000000e+00 1.000000000000000000e+00 8.010647892951965332e-01
2.000000000000000000e+00 1.000000000000000000e+00 9.265452623367309570e-01
2.000000000000000000e+00 1.000000000000000000e+00 8.842450380325317383e-01
2.000000000000000000e+00 1.000000000000000000e+00 9.029716253280639648e-01
2.000000000000000000e+00 1.000000000000000000e+00 8.936138153076171875e-01
2.000000000000000000e+00 1.000000000000000000e+00 9.257643222808837891e-01
2.000000000000000000e+00 1.000000000000000000e+00 8.894289731979370117e-01
2.000000000000000000e+00 1.000000000000000000e+00 8.689106702804565430e-01
2.000000000000000000e+00 1.000000000000000000e+00 9.197275638580322266e-01
2.000000000000000000e+00 1.000000000000000000e+00 9.085426926612854004e-01
