0.000000000000000000e+00 0.000000000000000000e+00 4.290227964520454407e-02
1.000000000000000000e+00 1.000000000000000000e+00 9.948963522911071777e-01
1.000000000000000000e+00 1.000000000000000000e+00 9.946030974388122559e-01
0.000000000000000000e+00 0.000000000000000000e+00 1.071540117263793945e-01
1.000000000000000000e+00 1.000000000000000000e+00 9.936423301696777344e-01
1.000000000000000000e+00 1.000000000000000000e+00 9.923667311668395996e-01
0.000000000000000000e+00 0.000000000000000000e+00 1.244657188653945923e-01
1.000000000000000000e+00 1.000000000000000000e+00 9.971283078193664551e-01
0.000000000000000000e+00 0.000000000000000000e+00 1.520157903432846069e-01
1.000000000000000000e+00 1.000000000000000000e+00 9.955177903175354004e-01
0.000000000000000000e+00 0.000000000000000000e+00 2.065101116895675659e-01
1.000000000000000000e+00 1.000000000000000000e+00 9.959439635276794434e-01
1.000000000000000000e+00 1.000000000000000000e+00 9.930496811866760254e-01
1.000000000000000000e+00 1.000000000000000000e+00 9.954354763031005859e-01
0.000000000000000000e+00 0.000000000000000000e+00 8.485785871744155884e-02
0.000000000000000000e+00 0.000000000000000000e+00 1.493621170520782471e-01
0.000000000000000000e+00 0.000000000000000000e+00 2.425219416618347168e-01
1.000000000000000000e+00 1.000000000000000000e+00 9.921354055404663086e-01
0.000000000000000000e+00 0.000000000000000000e+00 3.022225201129913330e-02
0.000000000000000000e+00 0.000000000000000000e+00 9.254033863544464111e-02
1.000000000000000000e+00 1.000000000000000000e+00 9.925322532653808594e-01
1.000000000000000000e+00 1.000000000000000000e+00 9.953723549842834473e-01
0.000000000000000000e+00 0.000000000000000000e+00 1.076676025986671448e-01
1.000000000000000000e+00 1.000000000000000000e+00 9.947885274887084961e-01
0.000000000000000000e+00 0.000000000000000000e+00 9.215324372053146362e-02
1.000000000000000000e+00 1.000000000000000000e+00 9.958696365356445312e-01
1.000000000000000000e+00 1.000000000000000000e+00 9.958851933479309082e-01
1.000000000000000000e+00 1.000000000000000000e+00 9.937673807144165039e-01
1.000000000000000000e+00 1.000000000000000000e+00 9.952919483184814453e-01
0.000000000000000000e+00 0.000000000000000000e+00 2.524689584970474243e-02
0.000000000000000000e+00 0.000000000000000000e+00 2.733207941055297852e-01
0.000000000000000000e+00 0.000000000000000000e+00 3.793409094214439392e-02
1.000000000000000000e+00 1.000000000000000000e+00 9.957841634750366211e-01
1.000000000000000000e+00 1.000000000000000000e+00 9.943436980247497559e-01
0.000000000000000000e+00 0.000000000000000000e+00 1.680622845888137817e-01
1.000000000000000000e+00 1.000000000000000000e+00 9.962178468704223633e-01
1.000000000000000000e+00 1.000000000000000000e+00 9.888555407524108887e-01
0.000000000000000000e+00 0.000000000000000000e+00 1.400185674428939819e-01
0.000000000000000000e+00 0.000000000000000000e+00 2.350153475999832153e-01
1.000000000000000000e+00 1.000000000000000000e+00 9.951999187469482422e-01
1.000000000000000000e+00 1.000000000000000000e+00 9.964694380760192871e-01
0.000000000000000000e+00 0.000000000000000000e+00 1.641869246959686279e-01
0.000000000000000000e+00 0.000000000000000000e+00 2.377297915518283844e-02
1.000000000000000000e+00 1.000000000000000000e+00 9.940753579139709473e-01
1.000000000000000000e+00 1.000000000000000000e+00 9.966570734977722168e-01
0.000000000000000000e+00 0.000000000000000000e+00 4.318315535783767700e-02
0.000000000000000000e+00 0.000000000000000000e+00 1.428027898073196411e-01
0.000000000000000000e+00 0.000000000000000000e+00 3.375549316406250000e-01
1.000000000000000000e+00 1.000000000000000000e+00 9.922005534172058105e-01
1.000000000000000000e+00 1.000000000000000000e+00 9.891968369483947754e-01
0.000000000000000000e+00 0.000000000000000000e+00 3.521414846181869507e-02
1.000000000000000000e+00 1.000000000000000000e+00 9.958602190017700195e-01
1.000000000000000000e+00 1.000000000000000000e+00 9.966952800750732422e-01
0.000000000000000000e+00 0.000000000000000000e+00 8.422191441059112549e-02
1.000000000000000000e+00 1.000000000000000000e+00 9.935157895088195801e-01
0.000000000000000000e+00 0.000000000000000000e+00 1.567523181438446045e-01
0.000000000000000000e+00 0.000000000000000000e+00 2.058951109647750854e-01
1.000000000000000000e+00 1.000000000000000000e+00 9.953845143318176270e-01
0.000000000000000000e+00 0.000000000000000000e+00 9.887982159852981567e-02
0.000000000000000000e+00 0.000000000000000000e+00 1.243673861026763916e-01
1.000000000000000000e+00 1.000000000000000000e+00 9.905660152435302734e-01
0.000000000000000000e+00 0.000000000000000000e+00 1.787654757499694824e-01
1.000000000000000000e+00 1.000000000000000000e+00 9.954044222831726074e-01
0.000000000000000000e+00 0.000000000000000000e+00 3.516854047775268555e-01
1.000000000000000000e+00 1.000000000000000000e+00 9.889972805976867676e-01
0.000000000000000000e+00 0.000000000000000000e+00 2.773898839950561523e-01
0.000000000000000000e+00 0.000000000000000000e+00 1.105860173702239990e-01
1.000000000000000000e+00 1.000000000000000000e+00 9.943751692771911621e-01
0.000000000000000000e+00 0.000000000000000000e+00 2.583322823047637939e-01
0.000000000000000000e+00 0.000000000000000000e+00 2.712568640708923340e-01
1.000000000000000000e+00 1.000000000000000000e+00 9.949189424514770508e-01
0.000000000000000000e+00 0.000000000000000000e+00 5.629999190568923950e-02
1.000000000000000000e+00 1.000000000000000000e+00 9.942937493324279785e-01
1.000000000000000000e+00 1.000000000000000000e+00 9.944109916687011719e-01
1.000000000000000000e+00 1.000000000000000000e+00 9.961751699447631836e-01
0.000000000000000000e+00 0.000000000000000000e+00 2.712568640708923340e-01
1.000000000000000000e+00 1.000000000000000000e+00 9.958161711692810059e-01
0.000000000000000000e+00 0.000000000000000000e+00 2.600883543491363525e-01
0.000000000000000000e+00 0.000000000000000000e+00 1.649631857872009277e-01
1.000000000000000000e+00 1.000000000000000000e+00 9.950935840606689453e-01
1.000000000000000000e+00 1.000000000000000000e+00 9.901428222656250000e-01
0.000000000000000000e+00 0.000000000000000000e+00 2.429877221584320068e-01
1.000000000000000000e+00 1.000000000000000000e+00 9.930962324142456055e-01
1.000000000000000000e+00 1.000000000000000000e+00 9.966230392456054688e-01
1.000000000000000000e+00 1.000000000000000000e+00 9.979907274246215820e-01
0.000000000000000000e+00 0.000000000000000000e+00 1.155619472265243530e-01
0.000000000000000000e+00 0.000000000000000000e+00 2.720190584659576416e-02
0.000000000000000000e+00 0.000000000000000000e+00 1.769578903913497925e-01
1.000000000000000000e+00 1.000000000000000000e+00 9.954036474227905273e-01
1.000000000000000000e+00 1.000000000000000000e+00 9.960627555847167969e-01
0.000000000000000000e+00 0.000000000000000000e+00 4.002054035663604736e-02
0.000000000000000000e+00 0.000000000000000000e+00 2.433991134166717529e-01
1.000000000000000000e+00 1.000000000000000000e+00 9.944691658020019531e-01
0.000000000000000000e+00 0.000000000000000000e+00 9.638666361570358276e-02
1.000000000000000000e+00 1.000000000000000000e+00 9.943053126335144043e-01
1.000000000000000000e+00 1.000000000000000000e+00 9.930813908576965332e-01
1.000000000000000000e+00 1.000000000000000000e+00 9.901402592658996582e-01
1.000000000000000000e+00 1.000000000000000000e+00 9.965921640396118164e-01
0.000000000000000000e+00 0.000000000000000000e+00 2.774125337600708008e-01
1.000000000000000000e+00 1.000000000000000000e+00 9.952740073204040527e-01
1.000000000000000000e+00 1.000000000000000000e+00 9.895685315132141113e-01
1.000000000000000000e+00 1.000000000000000000e+00 9.940564036369323730e-01
0.000000000000000000e+00 0.000000000000000000e+00 8.012590557336807251e-02
0.000000000000000000e+00 0.000000000000000000e+00 1.613269746303558350e-01
0.000000000000000000e+00 0.000000000000000000e+00 2.062482684850692749e-01
1.000000000000000000e+00 1.000000000000000000e+00 9.907203912734985352e-01
0.000000000000000000e+00 0.000000000000000000e+00 1.259449124336242676e-01
0.000000000000000000e+00 0.000000000000000000e+00 2.712568640708923340e-01
1.000000000000000000e+00 1.000000000000000000e+00 9.957243800163269043e-01
0.000000000000000000e+00 0.000000000000000000e+00 2.566606402397155762e-01
0.000000000000000000e+00 0.000000000000000000e+00 2.038508057594299316e-01
0.000000000000000000e+00 0.000000000000000000e+00 2.327173650264739990e-01
0.000000000000000000e+00 0.000000000000000000e+00 7.552018761634826660e-02
0.000000000000000000e+00 0.000000000000000000e+00 2.828858792781829834e-01
0.000000000000000000e+00 0.000000000000000000e+00 2.719127535820007324e-01
1.000000000000000000e+00 1.000000000000000000e+00 9.977313280105590820e-01
0.000000000000000000e+00 0.000000000000000000e+00 2.585499882698059082e-01
1.000000000000000000e+00 1.000000000000000000e+00 9.961265325546264648e-01
1.000000000000000000e+00 1.000000000000000000e+00 9.941011071205139160e-01
0.000000000000000000e+00 0.000000000000000000e+00 5.994126200675964355e-02
0.000000000000000000e+00 0.000000000000000000e+00 8.952828496694564819e-02
0.000000000000000000e+00 0.000000000000000000e+00 1.465643197298049927e-01
1.000000000000000000e+00 1.000000000000000000e+00 9.950239658355712891e-01
0.000000000000000000e+00 0.000000000000000000e+00 1.318813711404800415e-01
1.000000000000000000e+00 1.000000000000000000e+00 9.909874200820922852e-01
0.000000000000000000e+00 0.000000000000000000e+00 1.337402164936065674e-01
0.000000000000000000e+00 0.000000000000000000e+00 2.712568640708923340e-01
1.000000000000000000e+00 1.000000000000000000e+00 9.943330883979797363e-01
1.000000000000000000e+00 1.000000000000000000e+00 9.931104183197021484e-01
1.000000000000000000e+00 1.000000000000000000e+00 9.947008490562438965e-01
0.000000000000000000e+00 0.000000000000000000e+00 2.446766793727874756e-01
0.000000000000000000e+00 0.000000000000000000e+00 9.440749138593673706e-02
0.000000000000000000e+00 0.000000000000000000e+00 2.710624635219573975e-01
1.000000000000000000e+00 1.000000000000000000e+00 9.958599209785461426e-01
1.000000000000000000e+00 1.000000000000000000e+00 9.945481419563293457e-01
1.000000000000000000e+00 1.000000000000000000e+00 9.896464943885803223e-01
1.000000000000000000e+00 1.000000000000000000e+00 9.962128400802612305e-01
0.000000000000000000e+00 0.000000000000000000e+00 4.703821986913681030e-02
1.000000000000000000e+00 1.000000000000000000e+00 9.945442676544189453e-01
0.000000000000000000e+00 0.000000000000000000e+00 2.169575393199920654e-01
1.000000000000000000e+00 1.000000000000000000e+00 9.947059154510498047e-01
1.000000000000000000e+00 1.000000000000000000e+00 9.975014328956604004e-01
0.000000000000000000e+00 0.000000000000000000e+00 2.712568640708923340e-01
0.000000000000000000e+00 0.000000000000000000e+00 3.603538572788238525e-01
0.000000000000000000e+00 0.000000000000000000e+00 3.534834831953048706e-02
0.000000000000000000e+00 0.000000000000000000e+00 1.190836206078529358e-01
1.000000000000000000e+00 1.000000000000000000e+00 9.965972304344177246e-01
1.000000000000000000e+00 1.000000000000000000e+00 9.969533681869506836e-01
0.000000000000000000e+00 0.000000000000000000e+00 6.949009746313095093e-02
1.000000000000000000e+00 1.000000000000000000e+00 9.901341795921325684e-01
1.000000000000000000e+00 1.000000000000000000e+00 9.962089061737060547e-01
1.000000000000000000e+00 1.000000000000000000e+00 9.978067874908447266e-01
0.000000000000000000e+00 0.000000000000000000e+00 2.649675011634826660e-01
0.000000000000000000e+00 0.000000000000000000e+00 2.727398276329040527e-01
1.000000000000000000e+00 1.000000000000000000e+00 9.891371726989746094e-01
0.000000000000000000e+00 0.000000000000000000e+00 2.712568640708923340e-01
1.000000000000000000e+00 1.000000000000000000e+00 9.957486391067504883e-01
1.000000000000000000e+00 1.000000000000000000e+00 9.964267015457153320e-01
0.000000000000000000e+00 0.000000000000000000e+00 2.222137302160263062e-01
0.000000000000000000e+00 0.000000000000000000e+00 5.017213895916938782e-02
1.000000000000000000e+00 1.000000000000000000e+00 9.964086413383483887e-01
1.000000000000000000e+00 1.000000000000000000e+00 9.913852810859680176e-01
0.000000000000000000e+00 0.000000000000000000e+00 5.554068461060523987e-02
1.000000000000000000e+00 1.000000000000000000e+00 9.945855140686035156e-01
1.000000000000000000e+00 1.000000000000000000e+00 9.971166253089904785e-01
1.000000000000000000e+00 1.000000000000000000e+00 9.922191500663757324e-01
0.000000000000000000e+00 0.000000000000000000e+00 2.011457234621047974e-01
1.000000000000000000e+00 1.000000000000000000e+00 9.879660010337829590e-01
1.000000000000000000e+00 1.000000000000000000e+00 9.956288337707519531e-01
1.000000000000000000e+00 1.000000000000000000e+00 9.975553750991821289e-01
0.000000000000000000e+00 0.000000000000000000e+00 2.723866403102874756e-01
0.000000000000000000e+00 0.000000000000000000e+00 1.342333853244781494e-01
0.000000000000000000e+00 0.000000000000000000e+00 1.714917868375778198e-01
0.000000000000000000e+00 0.000000000000000000e+00 1.378810256719589233e-01
1.000000000000000000e+00 1.000000000000000000e+00 9.940932989120483398e-01
1.000000000000000000e+00 1.000000000000000000e+00 9.970196485519409180e-01
1.000000000000000000e+00 1.000000000000000000e+00 9.955263137817382812e-01
0.000000000000000000e+00 0.000000000000000000e+00 1.817448735237121582e-01
0.000000000000000000e+00 0.000000000000000000e+00 4.055375978350639343e-02
0.000000000000000000e+00 0.000000000000000000e+00 9.698711335659027100e-02
1.000000000000000000e+00 1.000000000000000000e+00 9.921494126319885254e-01
0.000000000000000000e+00 0.000000000000000000e+00 1.634413748979568481e-02
1.000000000000000000e+00 1.000000000000000000e+00 9.963939785957336426e-01
1.000000000000000000e+00 1.000000000000000000e+00 9.962701201438903809e-01
1.000000000000000000e+00 1.000000000000000000e+00 9.936116933822631836e-01
0.000000000000000000e+00 0.000000000000000000e+00 7.259920239448547363e-02
0.000000000000000000e+00 0.000000000000000000e+00 5.890967324376106262e-02
1.000000000000000000e+00 1.000000000000000000e+00 9.981242418289184570e-01
0.000000000000000000e+00 0.000000000000000000e+00 6.974997371435165405e-02
0.000000000000000000e+00 0.000000000000000000e+00 5.037650838494300842e-02
0.000000000000000000e+00 0.000000000000000000e+00 1.333006918430328369e-01
0.000000000000000000e+00 0.000000000000000000e+00 1.546267420053482056e-01
0.000000000000000000e+00 0.000000000000000000e+00 3.439553081989288330e-02
0.000000000000000000e+00 0.000000000000000000e+00 1.720400005578994751e-01
1.000000000000000000e+00 1.000000000000000000e+00 9.942209720611572266e-01
0.000000000000000000e+00 0.000000000000000000e+00 9.479743987321853638e-02
1.000000000000000000e+00 1.000000000000000000e+00 9.980921745300292969e-01
1.000000000000000000e+00 1.000000000000000000e+00 9.855991005897521973e-01
0.000000000000000000e+00 0.000000000000000000e+00 1.176968365907669067e-01
1.000000000000000000e+00 1.000000000000000000e+00 9.966316819190979004e-01
